SAID_PiN_S11.txt
SAID_PiN_S31.txt
SAID_PiN_P11.txt
SAID_PiN_P13.txt
SAID_PiN_P31.txt
SAID_PiN_P33.txt
SAID_PiN_D13.txt
SAID_PiN_D15.txt
SAID_PiN_D33.txt
SAID_PiN_D35.txt
SAID_PiN_F15.txt
SAID_PiN_F17.txt
SAID_PiN_F35.txt
SAID_PiN_F37.txt
SAID_PiN_G17.txt
SAID_PiN_G19.txt
SAID_PiN_G37.txt
SAID_PiN_G39.txt
SAID_PiN_H19.txt
SAID_PiN_H111.txt
SAID_PiN_H39.txt
SAID_PiN_H311.txt
SAID_PiN_I111.txt
SAID_PiN_I113.txt
SAID_PiN_I311.txt
SAID_PiN_I313.txt
SAID_PiN_J113.txt
SAID_PiN_J115.txt
SAID_PiN_J313.txt
SAID_PiN_J315.txt
  0.14
  0.21
  0.29
  0.38
  0.47
  0.58
  0.70
  0.83
  0.96
  1.12
  1.29
  1.48
  1.69
  1.92
  2.18
  2.47
  2.79
  3.15
  3.56
  4.02
  4.55
  5.15
  5.85
  6.65
  7.59
  8.69
  9.98
 11.48
 13.24
 15.28
 17.59
 20.13
 22.78
 25.34
 27.50
 28.92
 29.33
 28.68
 27.12
 24.94
 22.49
 20.03
 17.72
 15.65
 13.83
 12.27
 10.95
  9.81
  8.85
  8.03
  7.34
  6.74
  6.23
  5.79
  5.40
  5.07
  4.78
  4.52
  4.30
  4.10
  3.93
  3.77
  3.64
  3.51
  3.41
  3.31
  3.22
  3.14
  3.07
  3.01
  2.95
  2.90
  2.85
  2.81
  2.78
  2.74
  2.71
  2.68
  2.66
  2.63
  2.62
  2.60
  2.59
  2.57
  2.56
  2.55
  2.54
  2.53
  2.52
  2.52
  2.51
  2.51
  2.51
  2.50
  2.50
  2.50
  2.50
  2.50
  2.50
  2.50
  0.12
  0.19
  0.27
  0.36
  0.46
  0.57
  0.69
  0.82
  0.96
  1.12
  1.29
  1.49
  1.70
  1.94
  2.20
  2.49
  2.82
  3.19
  3.60
  4.08
  4.61
  5.23
  5.94
  6.76
  7.72
  8.84
 10.15
 11.69
 13.48
 15.55
 17.90
 20.49
 23.19
 25.79
 27.98
 29.42
 29.83
 29.16
 27.56
 25.33
 22.83
 20.33
 17.97
 15.86
 14.01
 12.42
 11.07
  9.92
  8.94
  8.11
  7.40
  6.79
  6.27
  5.82
  5.44
  5.10
  4.80
  4.54
  4.32
  4.11
  3.94
  3.78
  3.64
  3.52
  3.41
  3.31
  3.22
  3.14
  3.07
  3.00
  2.95
  2.89
  2.85
  2.81
  2.77
  2.73
  2.70
  2.67
  2.65
  2.63
  2.61
  2.59
  2.58
  2.56
  2.55
  2.54
  2.53
  2.52
  2.51
  2.51
  2.50
  2.50
  2.50
  2.50
  2.49
  2.49
  2.49
  2.49
  2.49
  2.49
  0.15
  0.22
  0.30
  0.39
  0.50
  0.61
  0.73
  0.86
  1.00
  1.16
  1.34
  1.53
  1.75
  1.99
  2.25
  2.55
  2.88
  3.25
  3.66
  4.14
  4.68
  5.29
  6.01
  6.83
  7.79
  8.91
 10.22
 11.76
 13.56
 15.63
 17.98
 20.57
 23.27
 25.86
 28.05
 29.48
 29.89
 29.21
 27.61
 25.38
 22.88
 20.37
 18.02
 15.91
 14.06
 12.48
 11.12
  9.97
  9.00
  8.17
  7.46
  6.85
  6.33
  5.88
  5.50
  5.16
  4.86
  4.61
  4.38
  4.18
  4.00
  3.84
  3.71
  3.58
  3.48
  3.37
  3.29
  3.21
  3.14
  3.07
  3.02
  2.97
  2.92
  2.88
  2.84
  2.80
  2.78
  2.75
  2.73
  2.70
  2.69
  2.67
  2.65
  2.64
  2.63
  2.62
  2.61
  2.60
  2.59
  2.59
  2.58
  2.58
  2.58
  2.57
  2.57
  2.57
  2.57
  2.57
  2.57
  2.57
  0.11
  0.19
  0.27
  0.36
  0.46
  0.57
  0.69
  0.82
  0.96
  1.12
  1.29
  1.49
  1.70
  1.94
  2.21
  2.50
  2.83
  3.20
  3.62
  4.09
  4.63
  5.25
  5.96
  6.79
  7.75
  8.88
 10.19
 11.74
 13.54
 15.62
 17.98
 20.58
 23.29
 25.91
 28.10
 29.54
 29.96
 29.28
 27.67
 25.44
 22.93
 20.41
 18.05
 15.93
 14.07
 12.47
 11.12
  9.96
  8.98
  8.14
  7.43
  6.82
  6.29
  5.84
  5.45
  5.11
  4.82
  4.56
  4.33
  4.13
  3.95
  3.79
  3.65
  3.53
  3.42
  3.32
  3.23
  3.15
  3.08
  3.01
  2.96
  2.90
  2.86
  2.81
  2.78
  2.74
  2.71
  2.68
  2.66
  2.63
  2.62
  2.60
  2.58
  2.57
  2.56
  2.54
  2.54
  2.53
  2.52
  2.52
  2.51
  2.51
  2.50
  2.50
  2.50
  2.50
  2.50
  2.50
  2.49
  2.50
  0.13
  0.20
  0.28
  0.37
  0.47
  0.58
  0.70
  0.83
  0.97
  1.13
  1.31
  1.50
  1.72
  1.95
  2.22
  2.52
  2.85
  3.22
  3.64
  4.12
  4.66
  5.28
  6.00
  6.83
  7.81
  8.94
 10.27
 11.84
 13.66
 15.77
 18.16
 20.79
 23.55
 26.21
 28.44
 29.92
 30.36
 29.69
 28.08
 25.83
 23.29
 20.74
 18.35
 16.20
 14.32
 12.70
 11.32
 10.14
  9.14
  8.29
  7.57
  6.95
  6.41
  5.95
  5.56
  5.21
  4.91
  4.64
  4.41
  4.20
  4.02
  3.85
  3.72
  3.58
  3.47
  3.37
  3.28
  3.20
  3.12
  3.05
  3.00
  2.94
  2.89
  2.85
  2.81
  2.77
  2.74
  2.71
  2.69
  2.66
  2.64
  2.62
  2.61
  2.59
  2.58
  2.57
  2.56
  2.55
  2.54
  2.54
  2.53
  2.52
  2.52
  2.51
  2.51
  2.51
  2.51
  2.51
  2.51
  2.51
  0.13
  0.20
  0.28
  0.37
  0.46
  0.57
  0.69
  0.81
  0.95
  1.11
  1.28
  1.47
  1.68
  1.91
  2.17
  2.46
  2.78
  3.14
  3.54
  4.01
  4.53
  5.13
  5.83
  6.64
  7.58
  8.68
  9.96
 11.47
 13.23
 15.27
 17.57
 20.12
 22.78
 25.34
 27.49
 28.91
 29.33
 28.68
 27.11
 24.94
 22.49
 20.03
 17.71
 15.64
 13.83
 12.27
 10.94
  9.80
  8.84
  8.02
  7.33
  6.72
  6.21
  5.77
  5.39
  5.05
  4.76
  4.51
  4.28
  4.09
  3.91
  3.75
  3.62
  3.49
  3.39
  3.29
  3.20
  3.12
  3.05
  2.99
  2.93
  2.88
  2.84
  2.79
  2.76
  2.72
  2.69
  2.66
  2.64
  2.62
  2.60
  2.58
  2.57
  2.55
  2.54
  2.53
  2.52
  2.51
  2.50
  2.50
  2.49
  2.49
  2.49
  2.48
  2.48
  2.48
  2.48
  2.48
  2.48
  2.48
  0.13
  0.20
  0.28
  0.36
  0.46
  0.57
  0.68
  0.81
  0.94
  1.10
  1.27
  1.45
  1.66
  1.89
  2.15
  2.43
  2.75
  3.10
  3.51
  3.96
  4.48
  5.08
  5.77
  6.56
  7.49
  8.58
  9.84
 11.33
 13.07
 15.07
 17.35
 19.85
 22.47
 24.99
 27.10
 28.49
 28.89
 28.24
 26.70
 24.55
 22.13
 19.70
 17.42
 15.38
 13.59
 12.05
 10.74
  9.63
  8.68
  7.88
  7.19
  6.60
  6.10
  5.67
  5.29
  4.96
  4.68
  4.43
  4.21
  4.01
  3.84
  3.69
  3.56
  3.43
  3.33
  3.23
  3.15
  3.07
  3.00
  2.94
  2.89
  2.83
  2.79
  2.75
  2.71
  2.68
  2.65
  2.62
  2.60
  2.58
  2.56
  2.54
  2.53
  2.52
  2.51
  2.50
  2.49
  2.48
  2.47
  2.47
  2.46
  2.46
  2.46
  2.45
  2.45
  2.45
  2.45
  2.45
  2.45
  2.45
  0.11
  0.19
  0.27
  0.36
  0.46
  0.57
  0.69
  0.83
  0.97
  1.13
  1.31
  1.51
  1.72
  1.96
  2.23
  2.53
  2.86
  3.24
  3.66
  4.14
  4.68
  5.31
  6.03
  6.87
  7.84
  8.98
 10.31
 11.87
 13.68
 15.79
 18.17
 20.79
 23.53
 26.17
 28.38
 29.84
 30.25
 29.56
 27.94
 25.68
 23.14
 20.60
 18.21
 16.07
 14.20
 12.59
 11.21
 10.05
  9.05
  8.21
  7.50
  6.88
  6.35
  5.90
  5.50
  5.16
  4.86
  4.60
  4.37
  4.16
  3.99
  3.82
  3.69
  3.56
  3.45
  3.35
  3.26
  3.18
  3.11
  3.04
  2.98
  2.93
  2.88
  2.84
  2.80
  2.76
  2.74
  2.71
  2.68
  2.66
  2.64
  2.62
  2.61
  2.59
  2.58
  2.57
  2.56
  2.55
  2.55
  2.54
  2.53
  2.53
  2.53
  2.53
  2.53
  2.52
  2.52
  2.52
  2.52
  2.52
  0.13
  0.21
  0.29
  0.38
  0.48
  0.59
  0.71
  0.84
  0.98
  1.15
  1.32
  1.52
  1.74
  1.98
  2.24
  2.54
  2.88
  3.25
  3.67
  4.16
  4.70
  5.33
  6.06
  6.90
  7.88
  9.02
 10.36
 11.94
 13.77
 15.90
 18.31
 20.96
 23.74
 26.41
 28.66
 30.15
 30.59
 29.91
 28.28
 26.01
 23.45
 20.89
 18.47
 16.31
 14.41
 12.78
 11.39
 10.21
  9.20
  8.35
  7.62
  6.99
  6.45
  5.99
  5.59
  5.24
  4.94
  4.67
  4.44
  4.23
  4.05
  3.88
  3.74
  3.61
  3.50
  3.39
  3.30
  3.22
  3.14
  3.07
  3.02
  2.96
  2.91
  2.87
  2.83
  2.79
  2.76
  2.73
  2.71
  2.68
  2.66
  2.64
  2.63
  2.61
  2.60
  2.58
  2.58
  2.57
  2.56
  2.55
  2.54
  2.54
  2.54
  2.53
  2.53
  2.53
  2.53
  2.53
  2.52
  2.52
  0.13
  0.21
  0.29
  0.38
  0.48
  0.59
  0.71
  0.84
  0.98
  1.15
  1.32
  1.52
  1.73
  1.97
  2.23
  2.53
  2.86
  3.23
  3.65
  4.12
  4.66
  5.28
  5.99
  6.82
  7.78
  8.91
 10.23
 11.77
 13.57
 15.66
 18.02
 20.62
 23.34
 25.95
 28.15
 29.59
 30.01
 29.33
 27.73
 25.49
 22.98
 20.46
 18.09
 15.97
 14.11
 12.52
 11.16
 10.00
  9.01
  8.18
  7.47
  6.86
  6.33
  5.88
  5.49
  5.15
  4.85
  4.59
  4.36
  4.16
  3.99
  3.82
  3.69
  3.56
  3.45
  3.35
  3.26
  3.18
  3.11
  3.04
  2.99
  2.94
  2.89
  2.85
  2.81
  2.77
  2.74
  2.71
  2.69
  2.67
  2.65
  2.63
  2.62
  2.60
  2.59
  2.58
  2.57
  2.56
  2.55
  2.55
  2.54
  2.54
  2.54
  2.53
  2.53
  2.53
  2.53
  2.53
  2.53
  2.53
